spawns: 
  default: 
    world: world_new
    x: -247.53142079309214
    y: 68.0
    z: 133.4596405621069
    yaw: 3.3675232
    pitch: 3.7495723
