world: world_flatroom
x: -171.5
y: 6.0
z: -65.5
yaw: -268.44357
pitch: 17.700315
name: hillmarket
lastowner: 4a1d92ef-62a2-3bee-b195-ebfd370c6e9f
