world: world_new_nether
x: 121.50988943469682
y: 77.5
z: -36.53233537600571
yaw: 2.715193
pitch: 12.30019
name: nether
lastowner: 4a1d92ef-62a2-3bee-b195-ebfd370c6e9f
