world: world_new
x: -247.53142079309214
y: 68.0
z: 133.4596405621069
yaw: 3.3675232
pitch: 3.7495723
name: survival
lastowner: 4a1d92ef-62a2-3bee-b195-ebfd370c6e9f
