world: world_college
x: 454.98673956707364
y: 53.0
z: 783.7266678699327
yaw: 84.02704
pitch: 7.199766
name: TecCampusMinecraft
lastowner: 4a1d92ef-62a2-3bee-b195-ebfd370c6e9f
